  588  512  637  449  526  488  413  415  469  522  542  503  509  544  439  611  508  513  507  499  501  430  390  444  457  409  500  486  432  521 -nan -nan -nan
  512  808  698  687  566  538  583  475  551  629  647  654  681  580  677  639  659  656  613  686  588  555  466  580  525  584  576  625  593  559 -nan -nan -nan
  637  698  976  723  732  564  602  574  564  653  734  743  778  789  668  847  697  709  737  774  810  563  571  658  666  641  672  766  692  639 -nan -nan -nan
  449  687  723  915  624  569  562  491  524  600  651  710  747  755  747  662  750  696  576  795  756  640  436  586  648  637  585  701  725  598 -nan -nan -nan
  526  566  732  624  870  499  567  549  492  532  615  594  710  735  741  785  613  599  614  634  762  621  497  517  546  655  610  617  720  626 -nan -nan -nan
  488  538  564  569  499  659  449  433  511  509  481  510  517  579  630  685  627  540  429  601  551  562  439  422  497  482  533  549  547  601 -nan -nan -nan
  413  583  602  562  567  449  700  468  444  550  497  494  540  551  624  653  596  607  500  525  573  512  470  471  476  570  512  588  585  516 -nan -nan -nan
  415  475  574  491  549  433  468  579  469  428  506  437  490  516  543  657  569  471  428  516  545  431  405  485  413  497  446  512  579  498 -nan -nan -nan
  469  551  564  524  492  511  444  469  628  494  506  529  447  472  546  634  662  533  443  502  484  500  424  453  458  482  497  451  562  576 -nan -nan -nan
  522  629  653  600  532  509  550  428  494  668  584  543  579  575  528  643  601  655  516  581  550  454  427  474  486  482  500  569  530  529 -nan -nan -nan
  542  647  734  651  615  481  497  506  506  584  758  629  600  608  579  633  649  647  633  630  645  494  380  511  520  552  463  606  601  564 -nan -nan -nan
  503  654  743  710  594  510  494  437  529  543  629  816  706  602  621  634  632  657  657  733  676  567  448  545  525  541  597  567  555  605 -nan -nan -nan
  509  681  778  747  710  517  540  490  447  579  600  706  888  745  694  714  551  660  625  796  737  608  488  564  571  632  636  685  638  517 -nan -nan -nan
  544  580  789  755  735  579  551  516  472  575  608  602  745  922  750  788  656  611  600  727  805  595  479  574  656  623  661  756  725  610 -nan -nan -nan
  439  677  668  747  741  630  624  543  546  528  579  621  694  750  937  782  710  599  602  701  766  717  492  548  590  690  654  706  764  655 -nan -nan -nan
  611  639  847  662  785  685  653  657  634  643  633  634  714  788  782 1054  752  684  623  778  759  689  617  611  628  684  720  773  798  738 -nan -nan -nan
  508  659  697  750  613  627  596  569  662  601  649  632  551  656  710  752  901  656  528  655  677  631  526  573  628  633  555  644  751  730 -nan -nan -nan
  513  656  709  696  599  540  607  471  533  655  647  657  660  611  599  684  656  839  568  627  662  536  501  468  538  596  545  591  639  561 -nan -nan -nan
  507  613  737  576  614  429  500  428  443  516  633  657  625  600  602  623  528  568  737  595  647  496  400  538  486  547  562  559  560  521 -nan -nan -nan
  499  686  774  795  634  601  525  516  502  581  630  733  796  727  701  778  655  627  595  920  693  631  478  587  597  601  640  714  650  625 -nan -nan -nan
  501  588  810  756  762  551  573  545  484  550  645  676  737  805  766  759  677  662  647  693  946  591  484  592  634  646  704  725  769  593 -nan -nan -nan
  430  555  563  640  621  562  512  431  500  454  494  567  608  595  717  689  631  536  496  631  591  770  465  397  532  560  535  604  632  627 -nan -nan -nan
  390  466  571  436  497  439  470  405  424  427  380  448  488  479  492  617  526  501  400  478  484  465  608  424  372  533  439  475  507  528 -nan -nan -nan
  444  580  658  586  517  422  471  485  453  474  511  545  564  574  548  611  573  468  538  587  592  397  424  698  523  528  584  545  525  469 -nan -nan -nan
  457  525  666  648  546  497  476  413  458  486  520  525  571  656  590  628  628  538  486  597  634  532  372  523  735  482  561  650  566  479 -nan -nan -nan
  409  584  641  637  655  482  570  497  482  482  552  541  632  623  690  684  633  596  547  601  646  560  533  528  482  796  483  620  673  560 -nan -nan -nan
  500  576  672  585  610  533  512  446  497  500  463  597  636  661  654  720  555  545  562  640  704  535  439  584  561  483  823  530  606  546 -nan -nan -nan
  486  625  766  701  617  549  588  512  451  569  606  567  685  756  706  773  644  591  559  714  725  604  475  545  650  620  530  880  621  556 -nan -nan -nan
  432  593  692  725  720  547  585  579  562  530  601  555  638  725  764  798  751  639  560  650  769  632  507  525  566  673  606  621  905  604 -nan -nan -nan
  521  559  639  598  626  601  516  498  576  529  564  605  517  610  655  738  730  561  521  625  593  627  528  469  479  560  546  556  604  759 -nan -nan -nan
 -nan -nan -nan -nan -nan -nan -nan -nan -nan -nan -nan -nan -nan -nan -nan -nan -nan -nan -nan -nan -nan -nan -nan -nan -nan -nan -nan -nan -nan -nan -nan -nan -nan
 -nan -nan -nan -nan -nan -nan -nan -nan -nan -nan -nan -nan -nan -nan -nan -nan -nan -nan -nan -nan -nan -nan -nan -nan -nan -nan -nan -nan -nan -nan -nan -nan -nan
 -nan -nan -nan -nan -nan -nan -nan -nan -nan -nan -nan -nan -nan -nan -nan -nan -nan -nan -nan -nan -nan -nan -nan -nan -nan -nan -nan -nan -nan -nan -nan -nan -nan
